1000 1000
Vertices
Color 254 141 187
0.746 0.569 0.000
0.753 0.739 0.000
0.739 0.806 0.000
0.728 0.669 0.000
0.723 0.695 0.000
0.734 0.821 0.000
0.689 0.831 0.000
0.610 0.729 0.000
0.656 0.830 0.000
0.602 0.837 0.000
0.550 0.505 0.000
0.605 0.541 0.000
0.607 0.595 0.000
0.546 0.511 0.000
0.601 0.601 0.000
0.541 0.668 0.000
0.555 0.753 0.000
0.543 0.679 0.000
0.605 0.607 0.000
0.596 0.831 0.000
Triangles
001 002 003
001 004 003
005 006 007
008 009 010
011 012 013
014 015 016
017 018 019
017 020 019
