1000 1000
Vertices
Color 0.996 0.553 0.733
129 0.530 0.582 0.000
130 0.503 0.667 0.000
131 0.395 0.676 0.000
132 0.509 0.671 0.000
133 0.536 0.586 0.000
134 0.533 0.667 0.000
135 0.543 0.721 0.000
136 0.386 0.684 0.000
137 0.494 0.676 0.000
138 0.374 0.729 0.000
139 0.372 0.737 0.000
140 0.494 0.683 0.000
141 0.404 0.840 0.000
142 0.366 0.762 0.000
143 0.409 0.843 0.000
144 0.502 0.682 0.000
145 0.528 0.838 0.000
146 0.509 0.682 0.000
147 0.545 0.736 0.000
148 0.547 0.756 0.000
149 0.576 0.808 0.000
150 0.536 0.837 0.000
151 0.544 0.841 0.000
152 0.579 0.816 0.000
153 0.592 0.837 0.000
Triangles
130 131 132
133 134 135
133 136 135
137 138 139
140 141 142
140 143 142
144 145 146
147 148 149
147 149 150
147 150 151
152 153 154
