1000 1000
Vertices
Color 0.996 0.553 0.733
154 0.238 0.784 0.000
155 0.360 0.768 0.000
156 0.387 0.825 0.000
157 0.184 0.821 0.000
158 0.125 0.716 0.000
159 0.222 0.787 0.000
160 0.373 0.827 0.000
161 0.065 0.717 0.000
162 0.125 0.679 0.000
163 0.111 0.706 0.000
164 0.172 0.813 0.000
165 0.067 0.709 0.000
166 0.105 0.652 0.000
167 0.107 0.663 0.000
168 0.140 0.658 0.000
Color 0.992 0.780 0.871
169 0.113 0.650 0.000
170 0.115 0.615 0.000
171 0.165 0.602 0.000
172 0.123 0.652 0.000
173 0.173 0.605 0.000
174 0.167 0.642 0.000
Triangles
155 156 157
158 159 160
158 161 160
162 163 164
163 165 164
166 167 168
166 169 168
