1000 1000
Vertices
Color 255  93 158
0.657 0.573 0.000
0.685 0.571 0.000
0.683 0.663 0.000
0.617 0.547 0.000
0.692 0.572 0.000
0.735 0.569 0.000
0.690 0.625 0.000
0.690 0.636 0.000
0.738 0.573 0.000
0.726 0.642 0.000
0.678 0.703 0.000
0.698 0.672 0.000
0.672 0.725 0.000
0.724 0.655 0.000
0.719 0.686 0.000
0.664 0.747 0.000
0.613 0.553 0.000
0.681 0.675 0.000
0.663 0.730 0.000
0.612 0.615 0.000
0.612 0.631 0.000
0.658 0.739 0.000
0.648 0.771 0.000
0.610 0.708 0.000
Triangles
001 002 003
001 004 003
005 006 007
008 009 010
010 011 012
008 010 012
013 014 015
013 016 015
017 018 019
017 020 019
021 022 023
021 024 023
