1000 1000
Vertices
Color 255  93 158
0.753 0.616 0.000
0.819 0.542 0.000
0.755 0.638 0.000
0.449 0.468 0.000
0.509 0.589 0.000
0.475 0.612 0.000
Color 253 199 222
0.268 0.566 0.000
0.321 0.522 0.000
0.414 0.474 0.000
0.424 0.477 0.000
0.315 0.611 0.000
0.333 0.557 0.000
0.272 0.574 0.000
0.433 0.476 0.000
0.386 0.604 0.000
0.385 0.582 0.000
0.321 0.614 0.000
0.433 0.471 0.000
0.466 0.607 0.000
0.433 0.577 0.000
0.390 0.612 0.000
0.826 0.543 0.000
0.819 0.644 0.000
0.802 0.620 0.000
0.765 0.637 0.000
0.834 0.537 0.000
0.897 0.635 0.000
0.857 0.614 0.000
0.827 0.644 0.000
0.848 0.542 0.000
0.947 0.602 0.000
0.909 0.602 0.000
0.905 0.632 0.000
Triangles
001 002 003
004 005 006
007 008 009
010 011 012
010 013 012
014 015 016
014 017 016
018 019 020
018 021 020
022 023 024
022 025 024
026 027 028
026 029 028
030 031 032
030 033 032
