1000 1000
Vertices
Color 1.000 0.365 0.620
001 0.456 0.325 0.000
002 0.533 0.402 0.000
003 0.505 0.464 0.000
004 0.465 0.323 0.000
005 0.544 0.374 0.000
006 0.535 0.394 0.000
007 0.486 0.144 0.000
008 0.550 0.366 0.000
009 0.586 0.346 0.000
010 0.494 0.143 0.000
011 0.592 0.340 0.000
012 0.635 0.314 0.000
013 0.652 0.258 0.000
014 0.635 0.304 0.000
015 0.661 0.323 0.000
016 0.657 0.258 0.000
017 0.677 0.293 0.000
018 0.668 0.320 0.000
019 0.741 0.123 0.000
020 0.680 0.303 0.000
021 0.720 0.321 0.000
022 0.747 0.127 0.000
023 0.727 0.325 0.000
024 0.755 0.340 0.000
025 0.812 0.277 0.000
026 0.763 0.344 0.000
027 0.780 0.357 0.000
028 0.818 0.280 0.000
029 0.785 0.363 0.000
030 0.813 0.384 0.000
Triangles
001 002 003
004 005 006
007 008 009
010 011 012
013 014 015
016 017 018
019 020 021
022 023 024
025 026 027
028 029 030
