1000 1000
Vertices
Color 0.996 0.553 0.733
030 0.508 0.473 0.000
031 0.537 0.406 0.000
032 0.694 0.563 0.000
033 0.660 0.565 0.000
034 0.542 0.401 0.000
035 0.553 0.374 0.000
036 0.589 0.353 0.000
037 0.689 0.548 0.000
038 0.726 0.333 0.000
039 0.755 0.347 0.000
040 0.777 0.365 0.000
041 0.705 0.543 0.000
042 0.783 0.369 0.000
043 0.812 0.392 0.000
044 0.741 0.562 0.000
045 0.704 0.564 0.000
Color 0.992 0.780 0.871
046 0.596 0.347 0.000
047 0.642 0.320 0.000
048 0.669 0.335 0.000
049 0.679 0.311 0.000
050 0.719 0.329 0.000
051 0.697 0.550 0.000
Triangles
031 032 033
031 034 033
035 036 037
035 038 037
039 040 041
039 042 041
043 044 045
043 046 045
047 048 052
048 049 052
049 050 052
050 051 052
