2000 2000

vertices

// Middle Body 1, 1 - 4
Color 230 230 230
700 1000 1
Color 230 230 230
700 1300 1
Color 230 230 230
1800 1300 1
Color 230 230 230
1800 1000 1


// Lower Body 1, 5 - 8
Color 210 210 210
600 1300 1
Color 210 210 210
650 1500 1
Color 210 210 210
1350 1500 1
Color 210 210 210
1400 1300 1

// Upper Body 1, 9 - 12
Color 250 250 250
700 1000 1
Color 250 250 250
800 600 1
Color 250 250 250
1750 600 1
Color 250 250 250
1800 1000 1

// Middle Body 2, 13 - 16
Color 10 230 230
700 1000 0
Color 10 230 230
700 1300 0
Color 10 230 230
1800 1300 0
Color 10 230 230
1800 1000 0

// Lower Body 2, 17 - 20
Color 10 210 210
600 1300 0
Color 10 210 210
650 1500 0
Color 10 210 210
1350 1500 0
Color 10 210 210
1400 1300 0

// Upper Body 2, 21 - 24
Color 50 250 250
700 1000 0
Color 50 250 250
800 600 0
Color 50 250 250
1750 600 0
Color 50 250 250
1800 1000 0

// Front Middle Body 1, 25 - 28
Color 210 210 210
200 1050 1
Color 210 210 210
150 1300 1
Color 210 210 210
700 1300 1
Color 210 210 210
700 1000 1

// Front Middle Body 2, 29 - 32
Color 10 210 210
200 1050 0
Color 10 210 210
150 1300 0
Color 10 210 210
700 1300 0
Color 10 210 210
700 1000 0



Triangles
//
1 2 3
1 3 4
//
5 6 7
5 7 8
//
9 10 11
9 11 12
//
13 14 15
13 15 16
//
17 18 19
17 19 20
//
21 22 23
21 23 24
//
25 26 27
25 27 28
//
29 30 31
29 31 32
// 
