1000 1000 1
Vertices
Color 255 93 158    // dark pink

// horn 01
456 325
533 402
505 464
465 323
544 374
535 394

// horn 02
486 144
550 366
586 346
494 143
592 340
635 314

// horn 03
652 258
635 304
661 323
657 258
677 293
668 320

// horn 04
741 123
680 303
720 321
747 127
727 325
755 340

// horn 05
812 277
763 344
780 357
818 280
785 363
813 384

Triangles

// horn 01
0 1 2
3 4 5

// horn 02
6 7 8
9 10 11

// horn 03
12 13 14
15 16 17

// horn 04
18 19 20
21 22 23

// horn 05
24 25 26
27 28 29
